%YAML:1.0
---
calibration_time: "mié 22 nov 2017 09:16:45 CET"
nframes: 20
image_width: 320
image_height: 240
board_width: 9
board_height: 6
square_size: 26.
flags: 0
camera_matrix: !!opencv-matrix
   rows: 3
   cols: 3
   dt: d
   data: [ 1.1721227490329008e+02, 0., 1.5196977197268248e+02, 0.,
       1.1653276493843406e+02, 1.1900502333007761e+02, 0., 0., 1. ]
distortion_coefficients: !!opencv-matrix
   rows: 5
   cols: 1
   dt: d
   data: [ 5.4400328642350261e-02, -1.6523278664911017e-01,
       1.5892604507550222e-03, -2.9355024711571203e-03,
       5.6801988600231126e-02 ]
avg_reprojection_error: 3.9514817869153367e+00
per_view_reprojection_errors: !!opencv-matrix
   rows: 20
   cols: 1
   dt: f
   data: [ 6.30028152e+00, 5.92961121e+00, 1.27019548e+00,
       1.25938821e+00, 5.20179367e+00, 5.70902348e+00, 6.01391411e+00,
       5.14651060e+00, 3.77278733e+00, 3.49191689e+00, 3.54645085e+00,
       4.74371576e+00, 3.68864655e+00, 2.78474975e+00, 8.37053537e-01,
       8.66383970e-01, 7.09162831e-01, 7.26584136e-01, 2.54560900e+00,
       4.48272133e+00 ]
# a set of 6-tuples (rotation vector + translation vector) for each view
extrinsic_parameters: !!opencv-matrix
   rows: 20
   cols: 6
   dt: d
   data: [ -5.6120641972490470e-01, 7.6631302457974504e-01,
       3.0330013025788758e+00, -5.4506638714032988e+01,
       1.6505812099093387e+02, 2.8257697204418560e+02,
       -3.1372401979017300e-01, 8.4714060236985078e-01,
       3.0171139806069625e+00, 2.4973618604545440e+01,
       1.4755459346819396e+02, 2.5538839157650020e+02,
       1.7403690532193436e-01, -3.4301840333891487e-01,
       -3.0387151248248725e+00, 3.4488102499473364e+01,
       1.3914440328729967e+02, 2.0546314827269185e+02,
       7.0746575070230841e-02, -1.6041264214929388e-01,
       -3.0856202567870663e+00, 1.2315351694525674e+02,
       1.2632712558654758e+02, 2.1530393794776370e+02,
       2.3820502429798632e-01, -4.9252439402269160e-01,
       -3.0197092883223724e+00, 2.0301729592878380e+02,
       1.1187044467638422e+02, 2.3005126584182722e+02,
       -1.6877374197637487e-01, -5.4973690076324988e-01,
       -2.9866527336412845e+00, 1.8122202025283019e+02,
       2.1428692423284922e+01, 2.2615096245701815e+02,
       -2.5240541415106044e-01, -4.3171258731877316e-01,
       -2.9854611665995083e+00, 1.8293033741091986e+02,
       -1.7997674388461423e+01, 2.1109276828871256e+02,
       -3.2937784137658810e-01, -1.3124231863971866e-01,
       -3.0323162068865877e+00, 2.3142967358407077e+02,
       -4.2428335637767468e+01, 2.0324737020687402e+02,
       -2.8209620943748959e-01, -5.4671922855864231e-02,
       -3.0557248999791469e+00, 2.2135053380859190e+02,
       -4.4108205642668125e+01, 2.0227773360964790e+02,
       -1.5859079650360150e-01, -2.1387996291045173e-02,
       -3.0742185201018772e+00, 1.8075748957700492e+02,
       -5.0846465528747792e+01, 2.0949925911339241e+02,
       -2.1530541145133187e-02, -1.0297676350370315e-01,
       -3.1112251311127244e+00, 1.5112057730348658e+02,
       -5.1215439050896926e+01, 2.1642692422606484e+02,
       1.0222533606594335e-01, -2.4965540045692539e-01,
       -3.0989105552371652e+00, 1.0169640490886495e+02,
       -6.1069104249031895e+01, 2.3041530949555334e+02,
       1.4870236150449137e-01, -7.6941626389389270e-02,
       -3.0993990105847224e+00, 4.4839986737606544e+01,
       -6.5766475927270989e+01, 2.2663561649657640e+02,
       2.2598045962468574e-01, -6.9857837146553199e-03,
       -3.1139838859523739e+00, 2.0530181926706167e+01,
       -4.0621820083218651e+01, 2.3162442494586742e+02,
       2.2303089292825615e-01, -9.0277458144190914e-02,
       -3.1218363391611357e+00, 2.5697845345302696e+01,
       2.2688970128855530e+00, 2.2147156727974669e+02,
       2.3783598144474977e-01, -1.5433520839692300e-01,
       -3.1083446089331974e+00, 1.6934448345931429e+01,
       4.6141704931708034e+01, 2.1552005317735700e+02,
       -1.3112935187736316e-01, 1.9716816156963429e-01,
       3.1402167123365441e+00, 5.4357005109838852e+01,
       7.2930139346659274e+01, 2.0710878000239765e+02,
       -5.6165584425277311e-02, 2.0904219424040965e-01,
       3.1148950657473642e+00, 9.7936918184646458e+01,
       1.0242966926279161e+02, 2.0274286646425318e+02,
       -1.2337597685179993e-03, -2.8032668979081032e-01,
       -3.0797442609979213e+00, 1.1578303886456590e+02,
       8.7689327518200670e+01, 2.0950975689701099e+02,
       -1.7794108712064530e-01, -5.7668281797088616e-01,
       -3.0722625325483208e+00, 1.5996826177076284e+02,
       7.8423870221878374e+01, 2.0477024071994740e+02 ]
